5990
5600
5634
6188
6947
5799
5470
5247
5391
5140
5265
5672
5673
5684
5685
5686
5723
5279
5285
5176
5611
5758
5763
5764
5765
5766
5768
5769
5770
5771
5772
5773
5774
5778
5781
5784
5790
5797
5798
5800
5801
5802
5811
5812
5813
5814
5815
5816
5817
5818
5819
5589
5564
5565
5670
5907
5908
5909
5923
5924
6239
5788
5821
5863
5928
5666
5847
5869
5940
5688
5962
5963
6112
6113
5959
6058
6152
6153
6683
6307
6308
6309
8444
6209
6210
10010
11408
12405
15607
6319
6321
6322
6374
6687
6693
6723
7123
6691
6950
12718
6405
6406
6688
6929
7082
6678
6677
6689
6690
6924
12921
6686
6807
6808
6692
6925
6934
6927
6926
6930
6932
6936
6948
7989
8014
8037
8040
8097
8547
9387
9735
6928
6931
8843
6933
6935
7180
7429
7977
7990
7991
7992
8010
8011
8012
8013
8015
8016
8018
8019
8020
8039
8216
8217
8218
8219
8225
8274
8284
8400
8401
8402
8415
8498
8499
8532
8592
8760
7705
7779
7792
8200
8407
8408
8543
8544
8545
8546
8548
8549
8551
8558
8560
8561
8562
8593
8594
8595
8596
8597
8598
8712
8761
8883
9147
9148
8698
12087
8615
8840
9084
9092
9093
9094
9096
9097
9098
9099
9133
9134
9135
9136
9137
9138
9139
9140
9141
9142
9144
9145
9162
9163
9179
9180
9181
9182
9183
9184
9244
9245
9246
9247
9249
9250
9251
9252
9504
9916
8201
8696
8447
9655
9656
10266
8392
8655
9248
9541
9542
9543
9544
9545
9546
9547
9548
9549
9550
9551
9552
9555
9558
9561
9562
9563
9567
9568
9569
9570
9571
9572
9573
9574
9637
9643
9644
9645
9647
9648
9649
9652
9653
9654
9662
9737
9738
9739
9740
8636
9166
9128
10270
10271
10272
10273
10400
10401
10402
10403
10404
10478
10480
10481
10482
10483
10484
10485
10486
10487
10809
10810
10956
10961
11292
11308
11310
11355
17555
9911
9239
9332
17032
9343
9314
9349
9429
11597
11902
12717
9473
11994
11996
11997
9512
9606
11277
11280
11281
11282
11283
11284
11287
11288
11289
11290
11293
11299
11300
11301
11302
11303
11304
11305
11307
11309
11311
11314
11344
11345
11346
11347
11348
11352
11353
11632
11633
11634
11635
11925
11929
11931
9912
10446
10448
9762
10972
11528
11641
11643
11804
11805
11806
11807
11808
11809
11810
11811
11812
11813
11814
11873
11874
11875
11877
11903
11923
11926
11927
11928
11930
11932
11933
11935
12082
12083
12115
12171
12172
12175
12176
12177
12178
12389
12417
12627
12670
15053
10576
11924
10489
10695
11558
11882
11401
11531
12386
12387
12388
12390
12392
12393
12394
12395
12399
12409
12506
12595
12624
12625
12626
12628
12629
12630
12631
12632
12633
12634
12635
12659
12661
12662
12663
12664
12665
12666
12667
12669
11400
11530
11602
11884
11919
17524
11920
12397
12402
12404
12406
12407
12408
12411
12412
12413
12414
12415
12416
12493
12523
12556
12557
12558
12559
12560
12561
12583
12585
12586
12594
12596
12600
12636
12637
12638
12639
12641
12642
12643
12644
12645
12648
12649
12650
12651
12924
12987
14149
17328
17509
17528
17529
17530
17537
17539
17550
17554
17556
17561
18368
20472
24867
11906
11956
12334
12247
12149
12148
12424
12482
12509
12510
12511
12512
12513
12514
12515
12517
12518
12520
12521
12522
12524
12977
12978
12980
12981
12982
12983
12984
12985
12986
12988
12989
13265
13268
13269
14007
14008
14010
14011
14012
14014
14015
14018
14020
14585
12949
12856
12927
12928
13242
12979
13006
13118
13624
12960
12961
12962
12963
12964
12965
12966
12967
12968
12969
12970
12971
12972
12974
12975
12976
13494
13495
13878
13879
13882
13883
13884
13885
13886
13887
13888
13889
13892
14091
14101
14499
14501
14502
14503
14504
14505
14506
14507
14508
14509
14678
15295
13584
13041
13791
13567
13847
14059
13921
14281
14282
14283
14284
14085
14753
14893
13920
12850
13793
13794
13795
13796
13800
14089
14090
14092
14093
14094
14095
14096
14097
14098
14099
14100
14102
14103
14296
14315
14317
14319
14321
14323
14325
14329
14330
14331
14332
14333
14334
14335
14347
14348
14498
14510
14511
14512
14513
14514
14515
14516
14517
14518
14519
14520
14676
14677
14679
15655
16896
14894
14055
14111
14144
14463
14521
14522
14523
14524
14525
14526
14527
14528
14529
14680
14681
14682
14750
14756
14935
15083
15195
15196
15197
15198
15199
15200
15201
15202
15203
15204
15205
15206
15412
15413
15414
15415
15416
15417
15418
15925
16244
16245
16246
16247
16248
16249
16250
16282
16529
16551
16885
18663
24838
15344
15345
16026
15579
15419
15420
15421
15422
15423
15515
15516
15517
15519
15520
15521
15522
15523
15524
15525
15526
15602
15698
15700
15701
15703
15704
15705
15706
15708
15787
15956
16313
16316
16317
16863
16887
16889
16891
16892
16893
16894
16900
16902
16903
16993
17479
17488
17494
17496
17497
17499
17502
17507
17961
18001
20557
15558
15644
15830
15904
16267
16509
16510
16511
16512
16513
16514
16515
16517
16518
16519
16520
16522
16523
16524
16525
16699
16768
16769
16771
16772
16773
16774
16777
16778
16780
16781
16783
16784
16786
16787
16861
16862
17021
17757
17812
17935
18009
18097
18168
18221
18252
18255
18311
18332
18337
18350
18351
18352
18353
18354
18355
18356
18357
18358
18359
18360
18361
18365
18392
18402
18533
18537
18574
18590
18795
18840
16489
16895
16658
16659
16660
16661
16663
16664
16665
16666
16667
16762
16763
16764
16765
16766
17030
17045
17095
17152
17156
17157
17158
17159
17160
17162
17163
17164
17165
17166
17167
17168
17334
17451
17814
18733
18734
18735
18736
18737
18778
18779
18780
18792
18793
18796
18797
18801
18843
18852
18979
19130
19173
19260
19263
17019
17106
17269
19995
17452
17079
17320
18049
17169
17171
17173
17174
17175
17176
17177
17178
17179
17180
17181
17182
17183
17184
17481
17482
17483
17484
17485
17486
17487
17489
17490
17491
17492
17493
17495
17498
17510
17511
17512
17513
17514
17515
17516
17521
17523
17541
17543
17546
17548
17549
17557
17558
17562
17563
17565
18709
18710
19728
20009
20066
17681
17984
18203
18205
18609
17542
18407
18408
18410
18411
18416
18417
18418
18419
18420
18421
18422
18423
18424
18647
18649
18651
18653
18665
18666
18667
18669
18670
18671
18672
18673
18674
18675
18676
18678
18679
18680
18969
19089
19121
19446
19519
20042
20043
20044
20045
20046
20047
20048
20049
20057
20058
20194
20195
20196
20197
20199
20200
20201
20202
20204
20205
20206
20346
20605
20619
20773
18813
19164
19924
18845
18918
19017
19078
19408
18682
18684
19327
19328
19329
19331
19332
19351
19352
19353
19354
19355
19356
19357
19358
19359
19360
19361
19567
19980
20054
20059
20060
20061
20062
20063
20064
20065
20101
20116
20117
20118
20119
20120
20121
20122
20123
20125
20126
20127
20128
20129
20130
20939
20940
20965
21004
21005
21024
21063
21064
21103
21135
21249
21290
22150
29222
19409
19506
19808
19835
20381
19997
20027
20371
20377
19645
20030
20031
20032
20033
20034
20035
20036
20039
20040
20041
20092
20100
20103
20104
20106
20108
20109
20110
20111
20112
20113
20207
20208
20209
20213
20215
20217
20218
20219
20220
20570
20598
20700
20831
20832
20833
20834
20835
20837
20840
20841
20843
20845
20866
20896
20932
20936
20952
20953
21468
21469
21471
21472
21474
21475
21690
21878
22108
22273
22318
21062
20265
20811
20593
20594
20595
20596
20597
20599
20600
20601
20602
20759
20760
20761
20762
20763
20764
20765
20767
20768
20769
20849
20850
20854
20855
20916
21172
21173
21174
21175
21177
21178
21280
21322
21329
22142
22143
22144
22145
22146
22147
22148
22149
22186
22703
22793
22902
22999
23021
23023
23024
23180
23182
23183
23374
23658
23659
23856
24306
24435
21082
21182
21183
21184
21185
21186
21326
21327
21328
21330
21331
21332
21333
21335
21498
21501
21502
21503
21504
21507
21510
21511
21687
22807
22856
23184
23661
23662
23663
23664
23665
23666
23667
23668
23737
23754
23798
23873
23874
24001
24203
24204
24206
24341
24381
24392
22559
22607
26899
21187
21188
21189
21190
22421
22430
22431
22432
22433
22434
22435
22436
22437
22438
22439
22440
22528
22530
22531
22534
22535
22536
22537
22538
22539
22540
22541
22542
22543
22544
22545
22546
22547
22548
22550
22551
22858
23933
24260
24737
24966
25080
25261
25263
26744
26891
26904
23169
23646
23647
23648
23649
23650
23651
23652
23653
23688
23689
23690
23692
23693
23694
23695
23696
23697
23698
23699
23700
23701
23702
23703
23705
23706
23714
24262
24264
24265
24266
24267
24268
24269
24465
24923
25016
28037
28219
24117
24261
24863
24783
24289
24290
24293
24298
24299
24301
24399
24400
24401
24402
24828
24830
24831
24832
24833
24834
24835
24836
24837
24839
24840
24841
24843
24868
24870
24871
24872
24873
24891
24892
24893
24894
24896
24897
24898
24899
24900
24901
24905
24924
24925
25018
25020
25021
25022
25023
25024
25207
25304
25307
25508
28705
28707
28708
28709
29151
42302
25367
25306
26593
27269
25356
25357
25359
25360
25361
25362
25363
26759
26760
26761
26762
26763
26765
26832
26833
26834
26836
26838
26839
26840
26843
26953
26955
26956
26957
26959
26960
26962
26968
26975
26976
27006
27007
27008
27011
27012
27045
27046
27047
27048
27049
27051
27052
27260
27898
29120
29570
29571
26958
26961
27860
27245
27246
27248
27249
27537
27538
27539
27540
27541
27543
27544
27687
28087
28137
28141
28142
28144
28228
28258
28316
28317
28318
28319
28320
28321
28322
28323
28324
28326
28330
28331
28334
28337
28339
28341
28342
28344
28345
28346
28347
28348
28565
28624
29286
29310
29311
31134
31153
33030
33031
33032
33033
33034
33036
33557
28461
28560
28673
29036
29379
29424
29429
29431
29432
29433
29434
29435
29436
29438
29439
29444
29445
29446
29447
29448
29449
29450
29451
29452
29453
29454
29456
29458
29459
29628
29629
29630
29631
29633
29634
29713
29715
29717
29723
29726
30334
33556
33558
33559
33560
33561
37912
37913
37972
30341
30338
30339
30342
30340
30546
30547
30548
30549
30550
30551
30790
30824
30825
30826
30828
30830
30831
30832
30833
30834
30836
30837
30838
30844
30846
30847
30849
30982
30983
30984
31143
31152
31154
31155
31156
31157
31158
32910
32911
32912
35963
37783
37822
37825
37826
31118
32531
32708
32709
32710
31162
32810
31391
33746
33748
33749
33751
33753
33754
33756
33757
33758
33759
33760
33763
33764
33765
33766
33767
33768
33770
33771
35523
35524
30938
30941
30956
30962
30963
30964
30965
34956
34958
34959
34960
34961
34963
34966
34967
34968
34969
34970
34971
34974
34975
34976
35376
35931
35932
35933
35934
36050
36067
36068
36069
36071
37324
38119
41036
41037
41045
41052
41551
41689
38164
41372
41387
36819
36820
36822
37880
37881
37882
37883
37886
37889
37892
37903
37904
36818
36952
36999
37001
37004
37006
37009
37010
37013
37014
37015
37016
37020
37022
37288
37311
37312
37313
37314
37315
37316
37317
37318
37319
37320
37321
37322
37323
37325
37326
37681
38120
38460
38756
38759
39017
40907
41686
42249
42254
37807
38410
43685
43774
43977
38630
38631
38632
38634
38600
38604
38605
38606
38607
38608
38609
38610
38611
38612
38614
38615
38616
38617
38620
38621
38622
38626
38733
38734
38735
38736
38737
38738
38739
38740
38754
38755
38757
38758
40909
42357
43580
44519
44686
44691
44793
40445
39217
40576
40578
40581
40584
40585
40586
40587
40588
40590
40591
40593
40594
40595
41038
41039
41040
41041
41042
41043
41044
41046
41047
41048
41049
41053
40967
40968
40969
40970
40971
40972
40973
40975
40976
41186
41187
41188
41189
41190
41191
41192
41193
41194
41211
41213
41214
41215
41216
41217
41218
41219
41220
41221
41222
41800
42608
41204
41205
41206
41299
41304
41306
41308
41309
41341
41342
41343
41344
41345
41346
41347
41348
41350
41459
41466
41467
41499
41500
41501
41502
41503
41504
42231
42692
41451
41452
41454
41455
41456
42076
41450
41935
41936
41937
41938
41941
41942
41943
42992
43870
42594
42318
42319
42320
42322
42323
42324
42325
42326
42327
42328
42331
42332
42333
42334
42336
42338
42340
42342
42345
42346
42347
42348
42460
42463
42467
42468
42469
42470
42473
42476
42477
42485
42513
42514
42515
42517
42591
42592
42595
42598
42599
42600
42602
42604
42607
42609
42719
42721
42722
42723
42725
42726
42761
42762
42764
42766
42777
42778
42779
42780
42781
42784
42868
42870
42871
42872
42873
42971
43593
43595
43597
43601
43607
43610
43611
43612
44041
44042
44043
44044
44046
42321
44434
45423
5233
5248
5338
5413
5415
5646
5689
5718
5854
5943
6202
6310
6316
6317
6702
6703
6704
6953
7869
8140
8720
9514