10616
3284
7969
21199
20685
7502
6256
11297
6629
4527
75
3118
15832
6854
12232
581
17727
11802
13660
4806
16041
1763
3080
4041
4967
19657
20543
17153
938
18218
4229
331
6782
8423
14094
10461
1838
11884
10314
10353
21290
3173
10061
21314
13885
13957
5047
1814
20804
5488
5463
6261
13995
14210
9749
9868
10144
9724
10143
13623
9797
4523
19809
19541
9428
550
841
2856
2089
13934
12161
8224
12127
11798
87
5779
6793
5309
4296
4564
4941
5282
13911
18184
271
107
11486
9652
21551
21552
4020
6396
11696
2086
6232
498
4898
580
2832
86
455
6208
6209
7399
6923
4750
4580
6376
4463
9246
426
11170
6824
21511
14606
4733
21294
14415
14416
14195
704
1928
7504
3880
3809
4295
18952
13958
1924
5210
4903
4253
4801
9731
335
12491
6406
5283
10148
10147
7324
8252
9599
20953
5992
6893
3024
13983
15884
10194
4857
14928
7276
5866
5864
19460
14164
4605
5865
5867